16 16 100

  0.009375  0.0228671  0.0884448  0.0612043   0.071875  0.0296131   0.009375   0.078561  0.0777658   0.101766  0.0541118   0.059375   0.099375   0.009375   0.009375  0.0599702 
 0.0856571   0.009375  0.0489099   0.009375   0.059375  0.0802083  0.0630592   0.108212   0.097306  0.0555707  0.0205592   0.079375   0.049375  0.0876645   0.105966  0.0903274 
 0.0311699   0.009375  0.0884448  0.0404726   0.084375  0.0903274  0.0988487  0.0489099  0.0289152   0.101766  0.0876645   0.089375   0.079375   0.009375  0.0673295   0.100446 
 0.0311699  0.0633433  0.0884448  0.0612043   0.034375  0.0397321  0.0362171  0.0192587  0.0582256  0.0925272   0.121217   0.009375   0.099375  0.0652961  0.0576705  0.0397321 
  0.118349  0.0768353  0.0291424   0.009375   0.134375   0.009375  0.0541118  0.0489099  0.0386853   0.101766  0.0652961   0.059375   0.109375   0.009375  0.0866477  0.0903274 
  0.107452  0.0228671   0.009375   0.081936   0.121875  0.0700893  0.0809539   0.078561   0.107076  0.0925272  0.0317434   0.039375   0.039375  0.0652961  0.0673295   0.100446 
 0.0529647   0.130804  0.0291424  0.0508384   0.071875  0.0599702  0.0362171  0.0192587  0.0191451  0.0648098  0.0988487   0.009375   0.059375  0.0652961   0.105966  0.0903274 
 0.0747596   0.130804  0.0686773   0.102668   0.021875  0.0296131  0.0720066  0.0192587  0.0191451  0.0370924   0.009375   0.049375   0.009375  0.0876645   0.105966  0.0296131 
 0.0202724  0.0498512  0.0983285   0.081936   0.021875  0.0802083  0.0451645  0.0489099  0.0582256  0.0186141  0.0764803   0.099375   0.069375   0.121217  0.0673295   0.019494 
  0.118349  0.0633433  0.0192587  0.0715701   0.034375  0.0599702  0.0541118   0.108212  0.0191451  0.0278533  0.0429276   0.069375   0.019375  0.0876645  0.0673295  0.0903274 
 0.0311699  0.0768353  0.0489099  0.0301067   0.009375   0.100446  0.0451645  0.0192587   0.107076  0.0463315  0.0205592   0.099375   0.019375  0.0205592   0.009375  0.0498512 
 0.0311699  0.0228671  0.0884448  0.0612043   0.046875  0.0498512  0.0809539   0.108212  0.0777658  0.0278533  0.0876645   0.099375   0.029375   0.110033  0.0576705  0.0599702 
 0.0747596   0.117312  0.0884448  0.0612043   0.134375  0.0700893  0.0451645  0.0983285  0.0777658  0.0740489   0.121217   0.109375   0.099375  0.0429276  0.0576705  0.0599702 
 0.0202724  0.0633433  0.0686773   0.102668   0.059375  0.0903274  0.0899013   0.078561  0.0875359  0.0740489  0.0988487   0.009375   0.099375  0.0652961  0.0576705   0.009375 
 0.0856571  0.0768353   0.078561   0.081936   0.034375   0.110565  0.0899013  0.0983285  0.0582256  0.0186141  0.0541118   0.109375   0.029375  0.0541118  0.0383523  0.0599702 
  0.107452  0.0633433  0.0587936  0.0923018   0.059375  0.0296131  0.0988487  0.0192587  0.0679957  0.0648098   0.009375   0.009375   0.089375  0.0988487  0.0383523  0.0498512

 0.0833333 
 0.0833333 
 0.0238095 
  0.107143 
 0.0833333 
  0.107143 
 0.0119048 
         0 
 0.0952381 
 0.0714286 
 0.0238095 
 0.0238095 
         0 
  0.047619 
  0.119048 
  0.119048

 0.0531508 
 0.0659008 
  0.066102 
 0.0575367 
 0.0652871 
 0.0687722 
 0.0603559 
  0.054393 
  0.062125 
 0.0581096 
 0.0462858 
 0.0640125 
 0.0831281 
 0.0674826 
 0.0666416 
 0.0607164  
